total_items	insert_time_microseconds
2	6528
4	6089
6	5814
8	5432
10	5524
12	5729
14	5274
16	5672
18	5394
20	5345
22	5426
24	5895
26	5650
28	5758
30	5804
32	5640
34	5816
36	5587
38	5682
40	6073
42	7021
44	7123
46	6155
48	5788
50	5448
52	5499
54	5870
56	5775
58	6140
60	6051
62	6073
64	5763
66	5964
68	6450
70	5946
72	5692
74	6379
76	5757
78	6321
80	6074
82	6104
84	5809
86	5632
88	6346
90	6035
92	5554
94	5461
96	5861
98	5987
100	5452
102	5569
105	5533
108	5478
111	5562
114	5931
117	5697
120	5500
123	6085
126	5578
129	5633
132	5753
135	5546
138	5811
141	5893
144	5703
147	5657
150	5679
153	9450
156	7410
159	6487
162	6098
165	7144
168	5796
171	5621
174	5568
177	5945
180	6640
183	6217
186	6021
189	5812
192	5588
195	5359
198	5615
201	5734
205	5730
209	6010
213	7216
217	5932
221	5905
225	5938
229	5615
233	6796
237	5985
241	8165
245	5957
249	6152
253	5969
257	5965
261	5759
265	5734
269	6169
273	7157
277	6024
281	5979
285	5892
289	6102
293	6412
297	6173
301	6741
306	5680
311	5752
316	5677
321	5661
326	5666
331	5507
336	5582
341	5754
346	5716
351	6014
356	5709
361	5729
366	5879
371	5595
376	5545
381	5926
386	5781
391	6033
396	5901
401	5771
407	6185
413	6248
419	5605
425	6192
431	6362
437	6043
443	5724
449	5784
455	5775
461	5696
467	5837
473	6546
479	5677
485	6073
491	5824
497	5603
503	5865
510	5974
517	5983
524	5367
531	5504
538	6135
545	5861
552	6018
559	6868
566	6229
573	7497
580	5753
587	7130
594	6552
601	5859
609	8786
617	6459
625	5824
633	5780
641	5984
649	5884
657	5932
665	6001
673	6194
681	6826
689	5581
697	5921
705	6229
714	5821
723	5743
732	5592
741	5696
750	6038
759	6412
768	5478
777	5834
786	5889
795	6034
804	5442
814	5757
824	5826
834	5712
844	5780
854	5875
864	5515
874	5623
884	5909
894	6034
904	5994
915	5656
926	5375
937	5923
948	5869
959	6738
970	5580
981	5975
992	5681
1003	5886
1015	5953
1027	5941
1039	5839
1051	5845
1063	6105
1075	5560
1087	6244
1099	5453
1111	6045
1124	7259
1137	7092
1150	5949
1163	5449
1176	5583
1189	5473
1202	5737
1216	6948
1230	6060
1244	6049
1258	5447
1272	5487
1286	6065
1300	5779
1314	6446
1329	7268
1344	6151
1359	5632
1374	5676
1389	5828
1404	5463
1420	5337
1436	5657
1452	5721
1468	6096
1484	5607
1500	5779
1516	5835
1533	5519
1550	5888
1567	5689
1584	5528
1601	5737
1619	5698
1637	5493
1655	5539
1673	5843
1691	5570
1709	5681
1728	5800
1747	6294
1766	6042
1785	6002
1804	5616
1824	5723
1844	5484
1864	6067
1884	5383
1904	9292
1925	5604
1946	5725
1967	5686
1988	5566
2009	5563
2031	5756
2053	5573
2075	6142
2097	6226
2119	5377
2142	5640
2165	5495
2188	5424
2211	5363
2235	6812
2259	6595
2283	5940
2307	7037
2332	6244
2357	6136
2382	5684
2407	6732
2433	5611
2459	7183
2485	6638
2511	6373
2538	5613
2565	5534
2592	5647
2619	5517
2647	5460
2675	5699
2703	5877
2732	6038
2761	5944
2790	5814
2819	7006
2849	5944
2879	5986
2909	6057
2940	5862
2971	5954
3002	5901
3034	6624
3066	5699
3098	5826
3130	7659
3163	8438
3196	6675
3229	6355
3263	5852
3297	5666
3331	5634
3366	5615
3401	5646
3437	5964
3473	5899
3509	5806
3546	5520
3583	5770
3620	5596
3658	5605
3696	6074
3734	5790
3773	5966
3812	6132
3852	5944
3892	5586
3932	6257
3973	5978
4014	7149
4056	5610
4098	5539
4140	5805
4183	5424
4226	5507
4270	5945
4314	5794
4359	5560
4404	5454
4450	5595
4496	5475
4542	5898
4589	5640
4636	5929
4684	5710
4732	5427
4781	6548
4830	5900
4880	5458
4930	5601
4981	6033
5032	5712
5084	5563
5136	5931
5189	5988
5242	5726
5296	5976
5350	5969
5405	6144
5461	5591
5517	5822
5574	6304
5631	6011
5689	8143
5747	5809
5806	5876
5866	6393
5926	5815
5987	6047
6048	6128
6110	7114
6173	6933
6236	6306
6300	7351
6364	5803
6429	5325
6495	7704
6561	5437
6628	5528
6696	6130
6764	6697
6833	7555
6903	6209
6974	6880
7045	7325
7117	7313
7190	6766
7263	6705
7337	6119
7412	7007
7488	5569
7564	5837
7641	5702
7719	5494
7798	6381
7877	5681
7957	6427
8038	5781
8120	5264
8203	6216
8287	5594
8371	5659
8456	6011
8542	5571
8629	5803
8717	6110
8806	5676
8896	5350
8986	6294
9077	5920
9169	6486
9262	5888
9356	6348
9451	5771
9547	5642
9644	5957
9742	5832
9841	6255
9941	6299
10042	6163
10144	5407
10247	6011
10351	724575
10456	6492
10562	5904
10669	6457
10777	5792
10886	9863
10996	6155
11107	6944
11220	5990
11334	6670
11449	5700
11565	5453
11682	5524
11800	5934
11919	5460
12040	5577
12162	5533
12285	5476
12409	8313
12535	5428
12662	6009
12790	7166
12919	7229
13050	6398
13182	6089
13315	5911
13450	5800
13586	5533
13723	5637
13862	5700
14002	5576
14144	5836
14287	5587
14431	5495
14577	6072
14724	6464
14873	5358
15023	5433
15175	5650
15328	6279
15483	5417
15639	5690
15797	5462
15956	6472
16117	5952
16280	5932
16444	5988
16610	7106
16778	5334
16947	5780
17118	6294
17291	5511
17465	5377
17641	5311
17819	5327
17999	6181
18180	5425
18363	5634
18548	5842
18735	6364
18924	6238
19115	5407
19308	5726
19503	5591
19700	5386
19898	5393
20098	5852
20300	5664
20504	5520
20711	5548
20920	5594
21131	5318
21344	5846
21559	5412
21776	5381
21995	5939
22216	5773
22440	5280
22666	6020
22894	5812
23124	6035
23357	5817
23592	6321
23829	6575
24069	7031
24311	6257
24556	5884
24803	6034
25053	6138
25305	5866
25560	5810
25817	5808
26077	6117
26339	5758
26604	5960
26872	5850
27142	6131
27415	5865
27691	5974
27969	6312
28250	6263
28534	5813
28821	6068
29111	6125
29404	6128
29700	5973
29998	6148
30299	6043
30603	7233
30911	5845
31222	5896
31536	6028
31853	6249
32173	5608
32496	7383
32822	6323
33152	6240
33485	6198
33821	5758
34161	5467
34504	7036
34851	7388
35201	6057
35555	5845
35912	5351
36273	6454
36637	5581
37005	6126
37377	6855
37752	6186
38131	6394
38514	5686
38901	5798
39292	5867
39686	5908
40084	5823
40486	5747
40892	5334
41302	5958
41717	5555
42136	5451
42559	6260
42986	5863
43417	5586
43853	5781
44293	5844
44737	5581
45186	5770
45639	5397
46097	5543
46559	5554
47026	5334
47498	6224
47974	5920
48455	5655
48941	5902
49432	5623
49928	5705
50429	5676
50935	6084
51446	5805
51962	6412
52483	6321
53009	6174
53541	5789
54078	5823
54620	6452
55168	6232
55721	6265
56280	5642
56844	5969
57414	15232
57990	5580
58571	6915
59158	6296
59751	5929
60350	5950
60955	6123
61566	5628
62183	7170
62806	6977
63436	6119
64072	5755
64714	6344
65363	5884
66018	6245
66680	5493
67348	6098
68023	6537
68705	5927
69394	8052
70089	6034
70791	5833
71500	5405
72216	5995
72940	5661
73671	5528
74409	5652
75155	5608
75908	5533
76669	6110
77437	5877
78213	5615
78997	5441
79788	5498
80587	5580
81394	6128
82209	5791
83033	6723
83865	6834
84705	5608
85554	5524
86411	5463
87277	5505
88151	5592
89034	6894
89926	6792
90827	6744
91737	6219
92656	6411
93584	6390
94521	5985
95468	5746
96424	5961
97390	6397
98365	5977
99350	7756
100345	5893
101350	6121
102365	5897
103390	5628
104425	5662
105471	5564
106527	6040
107594	5467
108671	5514
109759	5444
110858	6233
111968	5829
113089	5715
114221	6823
115365	5253
116520	5408
117687	5389
118865	5414
120055	5235
121257	5398
122471	5867
123697	5865
124935	5628
126186	5841
127449	5365
128725	5631
130014	5603
131316	5293
132631	5275
133959	5777
135300	5516
136654	5547
138022	5977
139404	5937
140800	5501
142209	5235
143633	5515
145071	5533
146523	5703
147990	5481
149471	5535
150967	7195
152478	5822
154004	6157
155546	5644
157103	5627
158676	5341
160264	5517
161868	5352
163488	5505
165124	5916
166777	5793
168446	6129
170132	5702
171835	5359
173555	5681
175292	6060
177046	6127
178818	5829
180608	5657
182416	5457
184242	7694
186086	5703
187948	6410
189829	5960
191729	5546
193648	5278
195586	5507
197543	5395
199520	6245
201517	5881
203534	6387
205571	5944
207628	5672
209706	24566
211805	5510
213925	5423
216066	5358
218228	5498
220412	5298
222618	5502
224846	5682
227096	6054
229368	6103
231663	5374
233981	5803
236322	5741
238687	5575
241075	6046
243487	5549
245923	5549
248384	5525
250869	6304
253379	5418
255914	5506
258475	5515
261061	5526
263673	5622
266311	5170
268976	6899
271667	5751
274385	5754
277130	5869
279903	5624
282704	5391
285533	5332
288390	5868
291275	5673
294189	5539
297132	5836
300105	6080
303108	6269
306141	5897
309204	5598
312298	5975
315422	6186
318578	7509
321765	11003
324984	6677
328235	6584
331519	5678
334836	5496
338186	5434
341569	5476
344986	5529
348437	6009
351923	5583
355444	5543
359000	5877
362591	5609
366218	6174
369882	6251
373582	5148
377319	5433
381094	6486
384906	5692
388757	5473
392646	5704
396574	5240
400541	5667
404548	5631
408595	5309
412682	5440
416810	5329
420980	5193
425191	5852
429444	5940
433740	5190
438079	5286
442461	5591
446887	5425
451357	5579
455872	5333
460432	5348
465038	5548
469690	6064
474388	5743
479133	5551
483926	6408
488767	5886
493656	6191
498594	5866
503581	5706
508618	5543
513706	5603
518845	6337
524035	6510
529277	5765
534571	5623
539918	5300
545319	5563
550774	5842
556283	5852
561847	5700
567467	5858
573143	5670
578876	5584
584666	5732
590514	5655
596421	5930
602387	5813
608412	6022
614498	5341
620644	5603
626852	6644
633122	5325
639455	5112
645851	5305
652311	5369
658836	5333
665426	5397
672082	5420
678804	5679
685594	5799
692451	6077
699377	5314
706372	5376
713437	5256
720573	5664
727780	5196
735059	6062
742411	5369
749837	5561
757337	5359
764912	5276
772563	5521
780290	6425
788094	6037
795976	5635
803937	6488
811978	6172
820099	6427
828301	5533
836586	5973
844953	6640
853404	6201
861940	5678
870561	5521
879268	5812
888062	5810
896944	5609
905915	5309
914976	6057
924127	5663
933370	6763
942705	5984
952134	5690
961657	5663
971275	6355
980989	5387
990800	5736
1000709	5566
1010718	5481
1020827	5468
1031037	5394
1041349	5674
1051764	5971
1062283	5752
1072907	6458
1083638	5722
1094476	5589
1105422	7004
1116478	5689
1127644	5929
1138922	5934
1150313	5301
1161818	5371
1173438	6352
1185174	5850
1197027	5436
1208999	5312
1221090	5485
1233302	5542
1245637	5317
1258095	5328
1270677	6106
1283385	5384
1296220	5987
1309184	5371
1322277	5644
1335501	5832
1348858	6181
1362348	5940
1375973	6449
1389734	6148
1403633	5732
1417671	5346
1431849	6023
1446169	6057
1460632	5919
1475240	6403
1489994	5341
1504895	6640
1519945	5701
1535146	6406
1550499	5996
1566005	6184
1581667	6073
1597485	5666
1613461	5980
1629597	6671
1645894	5681
1662354	5445
1678979	5287
1695770	5933
1712729	5629
1729858	6103
1747158	5542
1764631	6136
1782279	5735
1800103	6179
1818106	5918
1836289	5991
1854653	6080
1873201	5937
1891935	7262
1910856	5578
1929966	6364
1949267	5422
1968761	6365
1988450	6630
2008336	5511
2028421	5608
2048707	5326
2069196	5456
2089889	6088
2110789	5530
2131898	5569
2153218	5878
2174752	5661
2196501	6335
2218468	5915
2240654	5772
2263062	6946
2285694	6205
2308552	7319
2331639	6078
2354957	5264
2378508	5497
2402295	6519
2426319	5613
2450584	6118
2475091	7590
2499843	7045
2524843	6314
2550093	5908
2575595	6401
2601352	6723
2627367	6483
2653642	6334
2680180	6101
2706983	6046
2734054	5505
2761396	6085
2789011	6842
2816903	5570
2845074	5915
2873526	5438
2902263	6405
2931287	7647
2960601	5776
2990209	5575
3020113	5821
3050316	5901
3080821	5528
3111631	6083
3142749	6685
3174178	5869
3205921	5697
3237982	5353
3270363	5859
3303068	6210
3336100	5596
3369462	6266
3403158	6297
3437191	5646
3471564	5543
3506281	6112
3541345	5804
3576760	5221
3612529	5954
3648656	5772
3685144	6027
3721997	5905
3759218	5517
3796812	7009
3834782	5633
3873131	6725
3911864	5556
3950984	5880
3990495	6124
4030401	5725
4070707	5287
4111416	5693
4152532	5330
4194059	5478
4236001	5314
4278363	5373
4321148	5460
4364361	5899
4408006	5793
4452088	5848
4496610	5654
4541578	5387
4586995	5779
4632866	9449
4679196	6108
4725989	5570
4773250	5694
4820984	5466
4869195	5612
4917888	5676
4967068	5441
5016740	5512
5066909	5592
5117580	44804
5168757	5462
5220446	5671
5272652	5521
5325380	5322
5378635	5640
5432423	5489
5486749	5115
5541618	6104
5597036	5345
5653008	6008
5709540	5401
5766637	5246
5824305	5382
5882550	6058
5941377	6405
6000792	5751
6060801	6339
6121411	6940
6182627	6448
6244455	6621
6306901	5981
6369972	5641
6433673	5580
6498011	6691
6562993	6505
6628624	7202
6694912	6012
6761863	6551
6829483	6131
6897779	5601
6966758	5790
7036427	6746
7106793	5982
7177862	6122
7249642	6686
7322140	6123
7395363	6523
7469318	6790
7544013	5739
7619455	8729
7695651	6524
7772609	6084
7850337	6043
7928842	6139
8008132	6660
8088215	6070
8169099	6211
8250791	5960
8333300	6220
8416634	7592
8500802	5976
8585812	6553
8671672	6292
8758390	6292
8845975	7330
8934436	8552
9023782	6396
9114021	5900
9205163	6639
9297216	6584
9390190	6684
9484093	6194
9578935	6376
9674726	6079
9771475	6411
9869191	7475
